0        1
0.1        0.9999
0.2        0.9973
0.3        0.9927
0.4        0.9735
0.5        0.9398
0.6        0.8927
0.7        0.833
0.8        0.7789
0.9        0.7113
1        0.6451
1.1        0.5923
1.2        0.5287
1.3        0.4846
1.4        0.4438
1.5        0.4061
1.6        0.3768
1.7        0.3463
1.8        0.3266
1.9        0.3145
2        0.3111
2.5        0.273
3        0.2589
3.5        0.2513
4        0.2437
4.5        0.2467
5        0.2482
5.5        0.2549
6        0.2454
6.5        0.2499
7        0.2498
7.5        0.2432
8        0.2474
8.5        0.2562
9        0.2541
9.5        0.2521
10        0.2567
