0        1
0.1        0.9919
0.2        0.9692
0.3        0.9332
0.4        0.8861
0.5        0.8375
0.6        0.7783
0.7        0.72
0.8        0.6587
0.9        0.6031
1        0.5514
1.1        0.5027
1.2        0.4597
1.3        0.4218
1.4        0.4002
1.5        0.3709
1.6        0.3443
1.7        0.3269
1.8        0.3083
1.9        0.3055
2        0.2915
2.5        0.2704
3        0.2571
3.5        0.2441
4        0.2541
4.5        0.2454
5        0.2524
5.5        0.2448
6        0.248
6.5        0.2496
7        0.2506
7.5        0.251
8        0.2546
8.5        0.2446
9        0.259
9.5        0.2522
10        0.252
