0        2.67956e-16
0.01        0.000125625
0.02        0.000504957
0.03        0.00113824
0.04        0.00201156
0.05        0.00313719
0.06        0.00456098
0.07        0.00611217
0.08        0.00806103
0.09        0.0101839
0.1        0.0126757
0.11        0.0151302
0.12        0.0182308
0.13        0.0210453
0.14        0.0246681
0.15        0.0284635
0.16        0.0321632
0.17        0.0365192
0.18        0.0405661
0.19        0.0451178
0.2        0.0501293
0.21        0.0551434
0.22        0.0598983
0.23        0.0667893
0.24        0.0712308
0.25        0.0772879
0.26        0.0839058
0.27        0.0897405
0.28        0.0976978
0.29        0.104521
0.3        0.111367
0.31        0.119291
0.32        0.127476
0.33        0.13378
0.34        0.141767
0.35        0.150432
0.36        0.159055
0.37        0.169128
0.38        0.177018
0.39        0.18584
0.4        0.19565
0.41        0.205778
0.42        0.215527
0.43        0.22264
0.44        0.23101
0.45        0.2434
0.46        0.254398
0.47        0.26396
0.48        0.274893
0.49        0.28519
0.5        0.294595
0.51        0.307001
0.52        0.318147
0.53        0.326867
0.54        0.33675
0.55        0.347279
0.56        0.359224
0.57        0.375931
0.58        0.379039
0.59        0.391483
0.6        0.401846
0.61        0.414487
0.62        0.424591
0.63        0.43365
0.64        0.448289
0.65        0.45845
0.66        0.471573
0.67        0.477537
0.68        0.493589
0.69        0.500817
0.7        0.516605
0.71        0.52268
0.72        0.531952
0.73        0.540359
0.74        0.5583
0.75        0.563476
0.76        0.578268
0.77        0.587139
0.78        0.596046
0.79        0.60798
0.8        0.610644
0.81        0.62671
0.82        0.635902
0.83        0.645027
0.84        0.655184
0.85        0.668415
0.86        0.676995
0.87        0.688256
0.88        0.693658
0.89        0.705446
0.9        0.710819
0.91        0.722466
0.92        0.728548
0.93        0.73566
0.94        0.744779
0.95        0.75841
0.96        0.761488
0.97        0.772017
0.98        0.777004
0.99        0.788352
1        0.793645
1.01        0.803528
1.02        0.810518
1.03        0.816804
1.04        0.82458
1.05        0.828037
1.06        0.839525
1.07        0.847033
1.08        0.852192
1.09        0.85906
1.1        0.864458
1.11        0.875244
1.12        0.879471
1.13        0.886807
1.14        0.890778
1.15        0.895643
1.16        0.908873
1.17        0.913653
1.18        0.922298
1.19        0.919351
1.2        0.929492
1.21        0.9389
1.22        0.941362
1.23        0.946386
1.24        0.949815
1.25        0.957711
1.26        0.962484
1.27        0.96436
1.28        0.972336
1.29        0.976344
1.3        0.976127
1.31        0.98411
1.32        0.991384
1.33        0.990881
1.34        0.999052
1.35        1.00362
1.36        1.00763
1.37        1.01236
1.38        1.01459
1.39        1.02072
1.4        1.02211
1.41        1.02722
1.42        1.02861
1.43        1.03811
1.44        1.04053
1.45        1.03487
1.46        1.04151
1.47        1.0528
1.48        1.05295
1.49        1.05436
1.5        1.05523
1.51        1.06056
1.52        1.06746
1.53        1.06633
1.54        1.06494
1.55        1.07306
1.56        1.07373
1.57        1.07897
1.58        1.08405
1.59        1.08713
1.6        1.08743
1.61        1.08699
1.62        1.09285
1.63        1.09592
1.64        1.09707
1.65        1.09834
1.66        1.10262
1.67        1.10701
1.68        1.1065
1.69        1.10894
1.7        1.10965
1.71        1.1142
1.72        1.11609
1.73        1.11335
1.74        1.11803
1.75        1.11901
1.76        1.11867
1.77        1.12311
1.78        1.12744
1.79        1.12995
1.8        1.12959
1.81        1.13624
1.82        1.13223
1.83        1.13593
1.84        1.13636
1.85        1.13959
1.86        1.13929
1.87        1.14071
1.88        1.13953
1.89        1.14439
1.9        1.1447
1.91        1.1482
1.92        1.14807
1.93        1.14793
1.94        1.1487
1.95        1.15078
1.96        1.15424
1.97        1.15253
1.98        1.15821
1.99        1.15798
2        1.15952
2.01        1.15736
2.02        1.15775
2.03        1.16075
2.04        1.16548
2.05        1.16446
2.06        1.1641
2.07        1.16369
2.08        1.16574
2.09        1.16418
2.1        1.16772
2.11        1.16697
2.12        1.17108
2.13        1.17565
2.14        1.1699
2.15        1.17047
2.16        1.17312
2.17        1.17341
2.18        1.17549
2.19        1.17873
2.2        1.1768
2.21        1.17706
2.22        1.17782
2.23        1.17829
2.24        1.17989
2.25        1.17698
2.26        1.17842
2.27        1.18049
2.28        1.18454
2.29        1.18258
2.3        1.18408
2.31        1.18328
2.32        1.18278
2.33        1.18142
2.34        1.18533
2.35        1.19078
2.36        1.18773
2.37        1.18699
2.38        1.18788
2.39        1.18557
2.4        1.18802
2.41        1.18802
2.42        1.19176
2.43        1.18663
2.44        1.19145
2.45        1.19033
2.46        1.19189
2.47        1.19092
2.48        1.19127
2.49        1.19474
2.5        1.19642
2.51        1.19275
2.52        1.19403
2.53        1.19297
2.54        1.19226
2.55        1.19651
2.56        1.19502
2.57        1.19538
2.58        1.19584
2.59        1.19522
2.6        1.19861
2.61        1.19462
2.62        1.19796
2.63        1.19841
2.64        1.19509
2.65        1.19636
2.66        1.19962
2.67        1.19993
2.68        1.19628
2.69        1.1993
2.7        1.19584
2.71        1.19877
2.72        1.19863
2.73        1.20076
2.74        1.20104
2.75        1.20026
2.76        1.19968
2.77        1.19976
2.78        1.20104
2.79        1.19836
2.8        1.20084
2.81        1.20147
2.82        1.19937
2.83        1.20226
2.84        1.20007
2.85        1.20145
2.86        1.20373
2.87        1.20169
2.88        1.20229
2.89        1.20013
2.9        1.20451
2.91        1.20254
2.92        1.2025
2.93        1.20362
2.94        1.20407
2.95        1.20297
2.96        1.20243
2.97        1.20534
2.98        1.20513
2.99        1.20405
3        1.2024
3.01        1.20346
3.02        1.20493
3.03        1.20268
3.04        1.20319
3.05        1.20387
3.06        1.20429
3.07        1.20228
3.08        1.20377
3.09        1.20691
3.1        1.20638
3.11        1.20193
3.12        1.20577
3.13        1.20595
3.14        1.2062
3.15        1.20489
3.17        1.20866
3.19        1.20323
3.21        1.2067
3.23        1.204
3.25        1.20762
3.27        1.20863
3.29        1.20818
3.31        1.20417
3.33        1.20213
3.35        1.205
3.37        1.20327
3.39        1.2027
3.41        1.20403
3.43        1.20692
3.45        1.20286
3.47        1.2073
3.49        1.20611
3.51        1.20621
3.53        1.20811
3.55        1.20498
3.57        1.20707
3.59        1.20492
3.61        1.20885
3.63        1.20363
3.65        1.20996
3.67        1.20439
3.69        1.2054
3.71        1.20504
3.73        1.20728
3.75        1.20556
3.77        1.20814
3.79        1.20632
3.81        1.2068
3.83        1.2061
3.85        1.20526
3.87        1.20759
3.89        1.20858
3.91        1.20518
3.93        1.20521
3.95        1.20703
3.97        1.20617
3.99        1.20775
4.01        1.20463
4.03        1.20772
4.05        1.20455
4.07        1.20455
4.09        1.20541
4.11        1.20701
4.13        1.20843
4.15        1.20746
4.17        1.20463
4.19        1.20676
4.21        1.20638
4.23        1.20951
4.25        1.20881
4.27        1.20499
4.29        1.21151
4.31        1.20757
4.33        1.20869
4.35        1.2052
4.37        1.20513
4.39        1.2081
4.41        1.20755
4.43        1.20633
4.45        1.20925
4.47        1.20474
4.49        1.20762
4.51        1.20595
4.53        1.20796
4.55        1.20981
4.57        1.21084
4.59        1.20627
4.61        1.20627
4.63        1.20526
4.65        1.20998
4.67        1.20592
4.69        1.20867
4.71        1.20928
4.73        1.20908
4.75        1.20976
4.77        1.21018
4.79        1.20715
4.81        1.20696
4.83        1.20727
4.85        1.20449
4.87        1.20515
4.89        1.20837
4.91        1.20824
4.93        1.20747
4.95        1.20726
4.97        1.20953
4.99        1.21033
5.01        1.20396
5.03        1.20809
5.05        1.20735
5.07        1.20653
5.09        1.20769
5.11        1.20704
5.13        1.20153
5.15        1.20924
5.17        1.20799
5.19        1.21048
5.21        1.20866
5.23        1.20751
5.25        1.20861
5.27        1.20635
5.29        1.2065
5.31        1.20535
5.33        1.20915
5.35        1.20381
5.37        1.20682
5.39        1.20577
5.41        1.20531
5.43        1.20485
5.45        1.2051
5.47        1.20922
5.49        1.20949
5.51        1.20862
5.53        1.20377
5.55        1.2095
5.57        1.2066
5.59        1.20661
5.61        1.20472
5.63        1.208
5.65        1.20342
5.67        1.20772
5.69        1.20559
5.71        1.20771
5.73        1.20684
5.75        1.20844
5.77        1.20767
5.79        1.20659
5.81        1.21046
5.83        1.20922
5.85        1.20829
5.87        1.20836
5.89        1.20726
5.91        1.20632
5.93        1.21123
5.95        1.20693
5.97        1.20617
5.99        1.20713
6.01        1.20657
6.03        1.20595
6.05        1.206
6.07        1.2066
6.09        1.20421
6.11        1.2051
6.13        1.20647
6.15        1.20898
6.17        1.20368
6.19        1.19888
6.21        1.20894
6.23        1.20551
6.25        1.20279
6.27        1.20671
6.29        1.20842
6.31        1.20512
6.33        1.20855
6.35        1.20818
6.37        1.20778
6.39        1.2096
6.41        1.20608
6.43        1.20241
6.45        1.20896
6.47        1.20717
6.49        1.20734
6.51        1.2085
6.53        1.20625
6.55        1.20579
6.57        1.20694
6.59        1.20998
6.61        1.20805
6.63        1.20787
6.65        1.20446
6.67        1.20761
6.69        1.20426
6.71        1.20678
6.73        1.20573
6.75        1.20751
6.77        1.20775
6.79        1.20944
6.81        1.20631
6.83        1.20627
6.85        1.20703
6.87        1.2022
6.89        1.20428
6.91        1.20596
6.93        1.20674
6.95        1.2054
6.97        1.20768
6.99        1.21057
7.01        1.21106
7.03        1.20823
7.05        1.20772
7.07        1.20683
7.09        1.2099
7.11        1.20736
7.13        1.20706
7.15        1.2038
7.17        1.20536
7.19        1.20338
7.21        1.20634
7.23        1.20795
7.25        1.21025
7.27        1.20895
7.29        1.20745
7.31        1.20595
7.33        1.20791
7.35        1.20611
7.37        1.20829
7.39        1.21034
7.41        1.20786
7.43        1.20752
7.45        1.20881
7.47        1.20851
7.49        1.20819
7.51        1.20677
7.53        1.20884
7.55        1.20887
7.57        1.20666
7.59        1.20459
7.61        1.20822
7.63        1.20848
7.65        1.20852
7.67        1.20225
7.69        1.20819
7.71        1.20724
7.73        1.20918
7.75        1.20916
7.77        1.21027
7.79        1.2079
7.81        1.20764
7.83        1.20663
7.85        1.20769
7.87        1.2083
7.89        1.20495
7.91        1.20606
7.93        1.20721
7.95        1.20916
7.97        1.20915
7.99        1.20741
8.01        1.20837
8.03        1.20882
8.05        1.20817
8.07        1.2087
8.09        1.20751
8.11        1.20317
8.13        1.20883
8.15        1.20827
8.17        1.20712
8.19        1.20584
8.21        1.21131
8.23        1.20758
8.25        1.20626
8.27        1.20781
8.29        1.20647
8.31        1.20494
8.33        1.20999
8.35        1.21033
8.37        1.20867
8.39        1.20808
8.41        1.2058
8.43        1.20763
8.45        1.20962
8.47        1.2073
8.49        1.2032
8.51        1.20882
8.53        1.20603
8.55        1.20499
8.57        1.20784
8.59        1.20634
8.61        1.20724
8.63        1.20726
8.65        1.20669
8.67        1.20964
8.69        1.20789
8.71        1.20619
8.73        1.20698
8.75        1.20875
8.77        1.21116
8.79        1.20622
8.81        1.2067
8.83        1.20909
8.85        1.20643
8.87        1.20621
8.89        1.20688
8.91        1.20501
8.93        1.20538
8.95        1.206
8.97        1.20664
8.99        1.20867
9.01        1.20907
9.03        1.20569
9.05        1.20734
9.07        1.20691
9.09        1.20716
9.11        1.20615
9.13        1.20656
9.15        1.21163
9.17        1.20628
9.19        1.20784
9.21        1.20537
9.23        1.20803
9.25        1.20756
9.27        1.20823
9.29        1.20605
9.31        1.2057
9.33        1.20593
9.35        1.20686
9.37        1.20677
9.39        1.21062
9.41        1.20782
9.43        1.20882
9.45        1.20869
9.47        1.20776
9.49        1.20415
9.51        1.20903
9.53        1.20816
9.55        1.20781
9.57        1.20528
9.59        1.20588
9.61        1.20704
9.63        1.20448
9.65        1.2086
9.67        1.20749
9.69        1.20587
9.71        1.20827
9.73        1.21193
9.75        1.20592
9.77        1.20919
9.79        1.21157
9.81        1.20855
9.83        1.20821
9.85        1.20644
9.87        1.20577
9.89        1.21031
9.91        1.20924
9.93        1.21027
9.95        1.20416
9.97        1.20726
9.99        1.20724
