0        0
0.01        0.0122056
0.02        0.0244279
0.03        0.0365624
0.04        0.0487299
0.05        0.060884
0.06        0.0734272
0.07        0.0858067
0.08        0.0980545
0.09        0.11008
0.1        0.122024
0.11        0.135065
0.12        0.147311
0.13        0.158302
0.14        0.170426
0.15        0.182238
0.16        0.195443
0.17        0.206599
0.18        0.218659
0.19        0.230315
0.2        0.243141
0.21        0.252971
0.22        0.26777
0.23        0.276824
0.24        0.289632
0.25        0.300146
0.26        0.312226
0.27        0.323361
0.28        0.334961
0.29        0.346632
0.3        0.359248
0.31        0.368715
0.32        0.379775
0.33        0.391382
0.34        0.400801
0.35        0.411405
0.36        0.422989
0.37        0.436187
0.38        0.44803
0.39        0.45735
0.4        0.468087
0.41        0.477845
0.42        0.488881
0.43        0.497046
0.44        0.509386
0.45        0.522425
0.46        0.526543
0.47        0.541626
0.48        0.55039
0.49        0.562925
0.5        0.569779
0.51        0.580091
0.52        0.58822
0.53        0.601852
0.54        0.60908
0.55        0.617538
0.56        0.626412
0.57        0.636863
0.58        0.639445
0.59        0.659276
0.6        0.662342
0.61        0.673947
0.62        0.684259
0.63        0.692189
0.64        0.699313
0.65        0.707456
0.66        0.714307
0.67        0.725456
0.68        0.734211
0.69        0.736299
0.7        0.746922
0.71        0.761698
0.72        0.767068
0.73        0.775839
0.74        0.782739
0.75        0.792307
0.76        0.800313
0.77        0.809008
0.78        0.812278
0.79        0.816401
0.8        0.828044
0.81        0.837226
0.82        0.838248
0.83        0.84734
0.84        0.852247
0.85        0.858421
0.86        0.867514
0.87        0.87435
0.88        0.876275
0.89        0.885444
0.9        0.892889
0.91        0.901265
0.92        0.903676
0.93        0.913009
0.94        0.920075
0.95        0.920773
0.96        0.931106
0.97        0.933709
0.98        0.940587
0.99        0.943489
1        0.950442
1.01        0.955867
1.02        0.959345
1.03        0.969744
1.04        0.967651
1.05        0.976086
1.06        0.978867
1.07        0.982454
1.08        0.995306
1.09        0.992989
1.1        0.998271
1.11        1.00338
1.12        1.00925
1.13        1.01581
1.14        1.01637
1.15        1.02018
1.16        1.02592
1.17        1.03041
1.18        1.03237
1.19        1.03762
1.2        1.04014
1.21        1.04248
1.22        1.04485
1.23        1.05227
1.24        1.05329
1.25        1.0546
1.26        1.05831
1.27        1.06548
1.28        1.06937
1.29        1.07117
1.3        1.07152
1.31        1.07784
1.32        1.07655
1.33        1.0854
1.34        1.08201
1.35        1.08889
1.36        1.09605
1.37        1.09097
1.38        1.09533
1.39        1.10015
1.4        1.10658
1.41        1.10355
1.42        1.10995
1.43        1.11028
1.44        1.11337
1.45        1.11812
1.46        1.11678
1.47        1.1208
1.48        1.11721
1.49        1.1242
1.5        1.1236
1.51        1.13107
1.52        1.13148
1.53        1.13005
1.54        1.13514
1.55        1.13697
1.56        1.13699
1.57        1.14019
1.58        1.14228
1.59        1.14345
1.6        1.14464
1.61        1.14597
1.62        1.14825
1.63        1.15102
1.64        1.15004
1.65        1.15194
1.66        1.15177
1.67        1.15814
1.68        1.16014
1.69        1.16086
1.7        1.16031
1.71        1.15887
1.72        1.16506
1.73        1.16458
1.74        1.16304
1.75        1.1685
1.76        1.16716
1.77        1.16852
1.78        1.17001
1.79        1.17306
1.8        1.17388
1.81        1.16905
1.82        1.18047
1.83        1.177
1.84        1.17798
1.85        1.17962
1.86        1.17841
1.87        1.18022
1.88        1.17922
1.89        1.18309
1.9        1.18634
1.91        1.18309
1.92        1.18687
1.93        1.18764
1.94        1.18475
1.95        1.18663
1.96        1.1878
1.97        1.19218
1.98        1.19099
1.99        1.19227
2        1.19333
2.01        1.19733
2.02        1.19549
2.03        1.1935
2.04        1.19429
2.05        1.19342
2.06        1.19576
2.07        1.19465
2.08        1.1991
2.09        1.19838
2.1        1.1982
2.11        1.20016
2.12        1.20093
2.13        1.19901
2.14        1.19991
2.15        1.2048
2.16        1.19893
2.17        1.20347
2.18        1.20198
2.19        1.20363
2.2        1.20494
2.21        1.20519
2.22        1.2066
2.23        1.20677
2.24        1.2105
2.25        1.20645
2.26        1.207
2.27        1.20951
2.28        1.20884
2.29        1.20839
2.3        1.20953
2.31        1.20889
2.32        1.20939
2.33        1.21158
2.34        1.20867
2.35        1.21434
2.36        1.208
2.37        1.21201
2.38        1.21195
2.39        1.21181
2.4        1.2113
2.41        1.21061
2.42        1.21395
2.43        1.21066
2.44        1.21361
2.45        1.21572
2.46        1.21286
2.47        1.21581
2.48        1.21301
2.49        1.21654
2.5        1.21415
2.51        1.21717
2.52        1.21894
2.53        1.21534
2.54        1.21179
2.55        1.21438
2.56        1.21726
2.57        1.21665
2.58        1.21966
2.59        1.21574
2.6        1.21514
2.61        1.22044
2.62        1.21794
2.63        1.21772
2.64        1.21672
2.65        1.22004
2.66        1.22518
2.67        1.21657
2.68        1.22006
2.69        1.21904
2.7        1.22116
2.71        1.22045
2.72        1.21731
2.73        1.21849
2.74        1.22278
2.75        1.21998
2.76        1.2184
2.77        1.22065
2.78        1.22052
2.79        1.22188
2.8        1.22308
2.81        1.21812
2.82        1.22005
2.83        1.21979
2.84        1.21805
2.85        1.22082
2.86        1.22034
2.87        1.22036
2.88        1.22012
2.89        1.2231
2.9        1.22338
2.91        1.22196
2.92        1.22222
2.93        1.22152
2.94        1.22373
2.95        1.22409
2.96        1.22053
2.97        1.22395
2.98        1.22034
2.99        1.2239
3        1.22687
3.01        1.22156
3.02        1.2218
3.03        1.22117
3.04        1.22327
3.05        1.22299
3.06        1.22171
3.07        1.22294
3.08        1.22214
3.09        1.22219
3.1        1.22137
3.11        1.22108
3.12        1.22376
3.13        1.22379
3.14        1.2204
3.15        1.22341
3.17        1.22214
3.19        1.22228
3.21        1.22137
3.23        1.2253
3.25        1.22086
3.27        1.22283
3.29        1.22483
3.31        1.22443
3.33        1.22356
3.35        1.22373
3.37        1.22313
3.39        1.22425
3.41        1.22587
3.43        1.2242
3.45        1.22472
3.47        1.2247
3.49        1.22462
3.51        1.22748
3.53        1.22454
3.55        1.2262
3.57        1.22652
3.59        1.2234
3.61        1.2229
3.63        1.22371
3.65        1.22904
3.67        1.22288
3.69        1.22242
3.71        1.224
3.73        1.22471
3.75        1.22195
3.77        1.22289
3.79        1.22665
3.81        1.22635
3.83        1.22483
3.85        1.2259
3.87        1.22505
3.89        1.22395
3.91        1.22462
3.93        1.22596
3.95        1.22607
3.97        1.22798
3.99        1.22842
4.01        1.2233
4.03        1.2257
4.05        1.22552
4.07        1.22496
4.09        1.22436
4.11        1.22229
4.13        1.22661
4.15        1.22674
4.17        1.22233
4.19        1.2214
4.21        1.22431
4.23        1.22485
4.25        1.22419
4.27        1.22395
4.29        1.22539
4.31        1.22262
4.33        1.22588
4.35        1.22869
4.37        1.22629
4.39        1.22379
4.41        1.22205
4.43        1.22008
4.45        1.225
4.47        1.22294
4.49        1.22465
4.51        1.2258
4.53        1.22648
4.55        1.22163
4.57        1.22649
4.59        1.22766
4.61        1.22565
4.63        1.22503
4.65        1.22732
4.67        1.22275
4.69        1.22665
4.71        1.22205
4.73        1.2244
4.75        1.22263
4.77        1.22354
4.79        1.22513
4.81        1.22556
4.83        1.22444
4.85        1.22445
4.87        1.22577
4.89        1.22663
4.91        1.22297
4.93        1.22538
4.95        1.22271
4.97        1.22425
4.99        1.22346
5.01        1.22244
5.03        1.22456
5.05        1.22427
5.07        1.22433
5.09        1.22621
5.11        1.22631
5.13        1.22736
5.15        1.22889
5.17        1.22188
5.19        1.22662
5.21        1.22411
5.23        1.22062
5.25        1.2225
5.27        1.22411
5.29        1.22137
5.31        1.22252
5.33        1.22659
5.35        1.22409
5.37        1.22585
5.39        1.21928
5.41        1.22282
5.43        1.22487
5.45        1.2281
5.47        1.22203
5.49        1.22446
5.51        1.2283
5.53        1.22313
5.55        1.22339
5.57        1.22495
5.59        1.22781
5.61        1.22571
5.63        1.22621
5.65        1.22386
5.67        1.22668
5.69        1.22497
5.71        1.2272
5.73        1.22452
5.75        1.22603
5.77        1.22519
5.79        1.22404
5.81        1.22456
5.83        1.22445
5.85        1.22526
5.87        1.22522
5.89        1.22177
5.91        1.22618
5.93        1.22439
5.95        1.22215
5.97        1.22354
5.99        1.22455
6.01        1.22545
6.03        1.2237
6.05        1.2261
6.07        1.22139
6.09        1.22504
6.11        1.22312
6.13        1.22276
6.15        1.22193
6.17        1.22261
6.19        1.22572
6.21        1.2232
6.23        1.22206
6.25        1.22791
6.27        1.22644
6.29        1.22398
6.31        1.22333
6.33        1.22439
6.35        1.22347
6.37        1.22832
6.39        1.2227
6.41        1.22421
6.43        1.22212
6.45        1.22479
6.47        1.22566
6.49        1.22782
6.51        1.22531
6.53        1.22443
6.55        1.22167
6.57        1.224
6.59        1.22449
6.61        1.22493
6.63        1.22258
6.65        1.22249
6.67        1.22454
6.69        1.22262
6.71        1.224
6.73        1.22342
6.75        1.22517
6.77        1.2251
6.79        1.22035
6.81        1.22498
6.83        1.22357
6.85        1.22411
6.87        1.2273
6.89        1.22737
6.91        1.22305
6.93        1.22701
6.95        1.22567
6.97        1.22558
6.99        1.22822
7.01        1.22493
7.03        1.224
7.05        1.22538
7.07        1.22704
7.09        1.22789
7.11        1.2222
7.13        1.22448
7.15        1.22711
7.17        1.22654
7.19        1.22117
7.21        1.22396
7.23        1.22477
7.25        1.22825
7.27        1.22706
7.29        1.22484
7.31        1.22569
7.33        1.22484
7.35        1.22814
7.37        1.22718
7.39        1.22359
7.41        1.22499
7.43        1.22326
7.45        1.22438
7.47        1.22423
7.49        1.22278
7.51        1.22205
7.53        1.22537
7.55        1.22416
7.57        1.22632
7.59        1.2243
7.61        1.2243
7.63        1.22631
7.65        1.22522
7.67        1.22835
7.69        1.22487
7.71        1.22644
7.73        1.22754
7.75        1.2294
7.77        1.224
7.79        1.22537
7.81        1.22489
7.83        1.22581
7.85        1.22461
7.87        1.22364
7.89        1.22182
7.91        1.2241
7.93        1.22781
7.95        1.22481
7.97        1.22602
7.99        1.22526
8.01        1.22473
8.03        1.22592
8.05        1.22428
8.07        1.22227
8.09        1.22142
8.11        1.2238
8.13        1.22336
8.15        1.22338
8.17        1.22119
8.19        1.22444
8.21        1.2255
8.23        1.22514
8.25        1.22718
8.27        1.22496
8.29        1.22614
8.31        1.22408
8.33        1.22631
8.35        1.22173
8.37        1.22353
8.39        1.22609
8.41        1.22502
8.43        1.22812
8.45        1.22833
8.47        1.22454
8.49        1.22627
8.51        1.22047
8.53        1.22517
8.55        1.22431
8.57        1.2239
8.59        1.22497
8.61        1.22258
8.63        1.22437
8.65        1.21931
8.67        1.22772
8.69        1.22567
8.71        1.22291
8.73        1.23003
8.75        1.22827
8.77        1.22503
8.79        1.22481
8.81        1.22529
8.83        1.2271
8.85        1.2248
8.87        1.224
8.89        1.22616
8.91        1.22241
8.93        1.22647
8.95        1.22487
8.97        1.22528
8.99        1.22796
9.01        1.22426
9.03        1.22656
9.05        1.225
9.07        1.2236
9.09        1.22483
9.11        1.22355
9.13        1.22451
9.15        1.22313
9.17        1.2265
9.19        1.22106
9.21        1.22378
9.23        1.22591
9.25        1.22467
9.27        1.22599
9.29        1.22676
9.31        1.22668
9.33        1.2267
9.35        1.22488
9.37        1.22176
9.39        1.22677
9.41        1.22391
9.43        1.22199
9.45        1.22238
9.47        1.2241
9.49        1.22719
9.51        1.22775
9.53        1.22564
9.55        1.22536
9.57        1.22258
9.59        1.2261
9.61        1.22299
9.63        1.2238
9.65        1.22442
9.67        1.22767
9.69        1.22414
9.71        1.2262
9.73        1.22914
9.75        1.22653
9.77        1.22472
9.79        1.22563
9.81        1.22494
9.83        1.22509
9.85        1.22562
9.87        1.22614
9.89        1.22777
9.91        1.222
9.93        1.22564
9.95        1.22575
9.97        1.22357
9.99        1.22033
